          96 angstroem
   12.733381000000000        0.0000000000000000        12.733381000000000     
   0.0000000000000000        0.0000000000000000        12.733381000000000     
   5.5109399467806064        6.0259549619381163        5.2307945346049713      Pb
   5.5109400689248496        6.0259549877523870        11.597485001523882      Pb
   5.5109400918049944        12.392645458632838        5.2307946193522943      Pb
   5.5109401889958951        12.392645493518009        11.597485102141583      Pb
   11.877630435218352        6.0259549996653199        5.2307946178899982      Pb
   11.877630529709506        6.0259550188576192        11.597485061037760      Pb
   11.877630525494741        12.392645497759151        5.2307947011830018      Pb
   11.877630603324134        12.392645525946275        11.597485157791779      Pb
   5.3372415633637784        2.8426100715810008        5.4200447547688952       I
   5.3372417216506927        2.8426100873510993        11.786735434207010       I
   5.3372414597006692        9.2093006098833321        5.4200450247595908       I
   5.3372418259420424        9.2093006200705272        11.786735130977270       I
   11.703932175668522        2.8426100965092491        5.4200449063833469       I
   11.703932221842688        2.8426101155679615        11.786735526823112       I
   11.703932094909909        9.2093006340570174        5.4200451860033514       I
   11.703932349194124        9.2093006476444668        11.786735233448367       I
   2.3449297058951193        12.392643645351392        5.5148005851676931       I
   2.3449297953296981        12.392643626836158        11.881490829010851       I
   2.3449295447943137        6.0259531094006498        5.5148005796471899       I
   2.3449296332933440        6.0259531172389629        11.881490705618109       I
   8.7116201807079641        12.392643632069928        5.5148002869303214       I
   8.7116202850542788        12.392643652546120        11.881490823682569       I
   8.7116200624352551        6.0259530912822674        5.5148002668920286       I
   8.7116201666479345        6.0259531383093003        11.881490813812880       I
   5.7187898493618139        6.0259588207961512        2.1476703505382311       I
   5.7187903552150035        6.0259585780149107        8.5143608737771146       I
   5.7187903033044654        12.392649007848892        2.1476704257295602       I
   5.7187905898416389        12.392649440241629        8.5143609498180677       I
   12.085480475929941        6.0259588954355241        2.1476704233010548       I
   12.085480382781832        6.0259586109640049        8.5143609464185310       I
   12.085480790580442        12.392649066370815        2.1476705013548965       I
   12.085480645506570        12.392649456477624        8.5143610263546758       I
   1.9641895111411234        2.8426071523276089        7.4531673123569355       N
   1.9641896536434678        2.8426071563159572        1.0864766199514440       N
   1.9641895428263767        9.2092976457240976        7.4531673096387472       N
   1.9641896271036554        9.2092975994476873        1.0864766003748763       N
   8.3308797890691739        2.8426071276544729        7.4531671083538926       N
   8.3308802044969976        2.8426071593052029        1.0864764325211922       N
   8.3308798386592340        9.2092976054034903        7.4531670893637534       N
   8.3308801957268130        9.2092976276689456        1.0864763975929956       N
   9.0607336208478557        2.8426116998401887        2.3879294557120621       C
   9.0607333645013153        2.8426116964983743        8.7546200466074318       C
   9.0607335959509001        9.2093023472710183        2.3879294244222771       C
   9.0607333707235433        9.2093023692180758        8.7546200457270196       C
   2.6940433028188235        2.8426118593897094        2.3879295181012496       C
   2.6940432432438404        2.8426118342222333        8.7546201661230096       C
   2.6940432766683666        9.2093025828847619        2.3879294917729394       C
   2.6940432488607224        9.2093026043768624        8.7546201697935988       C
   8.7819944746605980        1.9481288807875636        2.9393012111942967       H
   8.7819943679988839        1.9481288597208015        9.3059918358533391       H
   8.7819943341549447        8.3148196795822216        2.9393013670482433       H
   8.7819942646247391        8.3148196825043517        9.3059920231033892       H
   2.4153045911530673        1.9481288919070496        2.9393012500336657       H
   2.4153045765273902        1.9481288796805456        9.3059919329147824       H
   2.4153044431927531        8.3148198210349538        2.9393014969753399       H
   2.4153044538763329        8.3148198544543597        9.3059922049072252       H
   8.7819862927388801        3.7370930504145776        2.9392994637666314       H
   8.7819860461432988        3.7370930004168192        9.3059901206970554       H
   8.7819863729442318        10.103783844594140        2.9392992426985582       H
   8.7819861375722468        10.103783816406386        9.3059899255380056       H
   2.4152957388965630        3.7370930592920395        2.9392996474033306       H
   2.4152957507250248        3.7370930194460938        9.3059903464607849       H
   2.4152958290885427        10.103783985294017        2.9392993459910057       H
   2.4152958628663446        10.103783987784558        9.3059900767043242       H
   3.7600124798401811        2.8426169965515129        2.1792284807157816       H
   3.7600124081924573        2.8426169556482588        8.5459190944884558       H
   3.7600124539815329        9.2093075187601094        2.1792284542187224       H
   3.7600124173190212        9.2093075288752377        8.5459191149841551       H
   10.126702839135936        2.8426164224811079        2.1792286109011605       H
   10.126702560126056        2.8426165067886453        8.5459191155598653       H
   10.126702816824775        9.2093068926404857        2.1792285965868397       H
   10.126702571604492        9.2093070179062284        8.5459191481498564       H
   7.3135564741590988        2.8426034582072024        7.5745447268297204       H
   7.3135568730647416        2.8426035131515439        1.2078538903972391       H
   7.3135565172062638        9.2092940947837914        7.5745446661662763       H
   7.3135568643755917        9.2092941382233118        1.2078538513175503       H
  0.94686621890879086        2.8426032545131465        7.5745450703266108       H
  0.94686634797287028        2.8426032490832878        1.2078542645149311       H
  0.94686624455870527        9.2092939500671402        7.5745450335863351       H
  0.94686632227199108        9.2092938661421204        1.2078542494805580       H
   2.1932592281187122        2.0107554321845384        6.8872056728854085       H
   2.1932593979416923        2.0107554481730854       0.52051498045056122       H
   2.1932591422333889        8.3774457365327493        6.8872058992433418       H
   2.1932592549062226        8.3774457121090986       0.52051517585399454       H
   8.5599493897558361        2.0107553493761512        6.8872055100048577       H
   8.5599498410724859        2.0107553905981255       0.52051483450067548       H
   8.5599493556906783        8.3774456760774125        6.8872056757422024       H
   8.5599497306973245        8.3774457119533192       0.52051497082524134       H
   2.1932529122644642        3.6744591458588678        6.8872034975711056       H
   2.1932530654679190        3.6744591295349309       0.52051278763393294       H
   2.1932530925721481        10.041149438691454        6.8872032652551125       H
   2.1932531441297995        10.041149391842648       0.52051254805601110       H
   8.5599434372339704        3.6744590425349215        6.8872032869580000       H
   8.5599439201728025        3.6744590680894098       0.52051263172285733       H
   8.5599436118366441        10.041149369086705        6.8872030988103408       H
   8.5599440137118226        10.041149396745428       0.52051243560863769       H
