          96 angstroem
   10.829027192287937       -1.3425010464822295E-002  -9.2918882253618502     
  -1.2576109023306404E-010  -1.4288962296435504E-010  -19.564750658121458     
  0.55772945049419065       -3.4931330825974842       -11.871622732575657      Pb
   4.0582730056444696       -1.1424746605461575       -9.6559599639358051      Pb
   9.4727869028847973       -1.1424752522477002       -2.0892462666463789      Pb
   5.9722427455418003       -3.4931324908959192       -19.438336429865036      Pb
  0.55101664420826602       -8.1390766035436197       -11.871621595735093      Pb
   4.0515608014655511       -5.7884193649617872       -9.6559611007762971      Pb
   9.4660740965909316       -5.7884187731758479       -2.0892474034615831      Pb
   5.9655305413708533       -8.1390771953295236       -19.438335293049882      Pb
   10.183533588558085       -3.5281758577768865       -14.851828820245681       I
   5.2614960598687013       -1.1074318853667018       -6.6757538762655813       I
   10.676011701151308       -1.1074328642464861       -5.0694510498666476       I
   4.7690179472753709       -3.5281748788971039       -16.458131646644858       I
   9.4713507067419282       -1.1535697043796895       -10.947822861774974       I
   5.9736789416847698       -3.4820380387638585       -10.579759834736393       I
  0.55916556986978350       -3.4820382877292215       -1.1654462145686579       I
   4.0568368863947022       -1.1535694552714122      -0.79738582382124146       I
   1.8384682846039471       -3.4694276634446286       -8.7931346142803015       I
   2.7775341715349255       -1.1661800796989299       -12.734448082231163       I
   8.1920476761209233       -1.1661803136520603       -18.575508424401747       I
   7.2529819723056752       -3.4694274294914669       -2.9520742721095314       I
   10.176819038256117       -8.1741189916033452       -14.851826378857774       I
   5.2547855997056843       -5.7533769769022189       -6.6757563176536889       I
   10.669297150790268       -5.7533759980423929       -5.0694534911313784       I
   4.7623074871715225       -8.1741199704631100       -16.458129205379912       I
   9.4646379772381319       -5.7995135680278853       -10.947821543688155       I
   5.9669666607235623       -8.1279824004775989       -10.579761152823210       I
  0.55245284036223552       -8.1279821514031934       -1.1654475327987022       I
   4.0501246054372517       -5.7995138169593785      -0.79738450559131313       I
   1.8317558709149100       -8.1153715421866188       -8.7931330952740758       I
   2.7708215747589962       -5.8121244263188698       -12.734449601237122       I
   8.1853352624230151       -5.8121241924346725       -18.575509943303874       I
   7.2462693755386427       -8.1153717760707753       -2.9520727532077018       I
   2.7441050012727959       -3.5542905548503434       -5.2790602297445108       N
   1.8718974548660101       -1.0813171882932373       -16.248522466766524       N
   7.2864117409835973       -1.0813196173479449       -15.061431610121184       N
   8.1586179074435403       -3.5542881257957366       -6.4661510863902016       N
   2.7373918060505509       -8.2002322386389999       -5.2790562812566248       N
   1.8651856396233113       -5.7272637298663884       -16.248526415254357       N
   7.2796985455477952       -5.7272613011829341       -15.061435558490905       N
   8.1519060924135083       -8.2002346673226665       -6.4661471380204159       N
   3.2211970518345239       -3.0660413380950660       -3.9566190119886433       C
   1.3948054043042448       -1.5695664050483300       -17.570963684522841       C
   6.8093199327240601       -1.5695744855178775       -13.738992356074284       C
   8.6357097157022711       -3.0660332576256861       -7.7885903404371852       C
   3.2144836144153932       -7.7119773699477285       -3.9566170267257137       C
   1.3880938312585778       -6.2155185985577122       -17.570965669785956       C
   6.8026064953315757       -6.2155105177569387       -13.738994341148810       C
   8.6289981426308113       -7.7119854507482586       -7.7885883553627862       C
   2.4709178811922103       -2.3948011167966343       -3.5512754898349903       H
   3.3525968088728400       -3.9152203659777607       -3.2900021071745420       H
   4.1666088019045082       -2.5526481395230798       -4.0990468957829966       H
   2.5827313297517613       -2.7835105498869424       -5.9327494323291345       H
   3.4391917266829504       -4.1775564463905495       -5.7262554524046729       H
   1.8541814952707436       -4.0750924142553231       -5.1972724668146464       H
   2.1450845749464555       -2.2408066263465849       -17.976307206676520       H
   1.2634056472658561      -0.72038737716544610       -18.237580589336510       H
  0.44939365423426486       -2.0829596036202633       -17.428535800728397       H
   1.1768107294559518      -0.45805129675326051       -15.801327244106423       H
   2.0332711263871248       -1.8520971932568537       -15.594833264182300       H
   2.7618209608680258      -0.56051532888828925       -16.330310229696519       H
   7.5596005967265363       -2.2408141319658754       -13.333650641158910       H
   6.6779176319035276      -0.72039804983834255       -13.072372675305173       H
   5.8639095914479604       -2.0829696273515843       -13.881422654747405       H
   6.5913240456324820      -0.45805376068407755       -15.508625350060376       H
   7.4477878684530214       -1.8520969347454264       -15.715123376536786       H
   8.1763340331324468      -0.56051602293314695       -14.979641559867257       H
   7.8854290517003243       -2.3947936111777044       -8.1939320553524286       H
   8.7671120165232388       -3.9152096933051652       -8.4552100212062644       H
   9.5811200569788717       -2.5526381157919582       -7.6461600417639106       H
   7.9972417799735886       -2.7835108083982840       -5.8124593199746197       H
   8.8537056027939993       -4.1775539824596040       -6.0189573464511144       H
   7.2686956152940700       -4.0750917202105414       -6.5479411366442566       H
   2.4642029504241969       -7.0407377235553366       -3.5512753121884284       H
   3.3458859152307596       -8.5611538055868994       -3.2899973460957583       H
   4.1598939555354173       -7.1985822282357752       -4.0990473257566675       H
   2.5760156786409931       -7.4294549211762204       -5.9327480474562408       H
   3.4324795013904548       -8.8234980950543758       -5.7262500207094247       H
   1.8474695141353250       -8.7210358327765718       -5.1972662305721755       H
   2.1383744952495953       -6.8867582449499514       -17.976307384322965       H
   1.2566915304432491       -5.3663421629184205       -18.237585350415404       H
  0.44268349013847202       -6.7289137402695278       -17.428535370754812       H
   1.1700979442835842       -5.1039978734513491       -15.801332675801801       H
   2.0265617670329248       -6.4980410473293917       -15.594834649055255       H
   2.7551079315386136       -5.2064601357290083       -16.330316465939074       H
   7.5528856658715071       -6.8867507393041558       -13.333650818923040       H
   6.6712067381665729       -5.3663314900275827       -13.072377436009202       H
   5.8571947451437989       -6.7289037164027814       -13.881422224848862       H
   6.5846118202529187       -5.1039954091956110       -15.508630781287895       H
   7.4410722173365205       -6.4980413058705606       -15.715124761455460       H
   8.1696220517337377       -5.2064594415793231       -14.979647795763976       H
   7.8787189720902147       -7.0407452292010841       -8.1939318775882750       H
   8.7603978997952172       -8.5611644784775187       -8.4552052605023462       H
   9.5744098928178563       -7.1985922521025527       -7.6461604716625962       H
   7.9905324206254749       -7.4294546626350897       -5.8124579350560097       H
   8.8469928177091699       -8.8235005593098528       -6.0189519152237656       H
   7.2619825862284610       -8.7210365269260777       -6.5479349007475474       H
