          96 angstroem
   14.902060094901625      -0.16489956481135068       -8.8784092589518178     
   2.3392229563158358        1.4599856729965577       -15.168366251433424     
   15.951098807327197       -2.1471410330403531       -7.3197471221789741      Pb
   15.344570531974963       -2.5316024744968657       -3.5462065487310350      Pb
   8.4176191789810133       -6.5863456317379896       -7.3197470884000877      Pb
   7.8110908933406336       -6.9708071178684818       -3.5462065578751090      Pb
   17.120710148390021       -1.4171483121292412       -14.903930299860708      Pb
   16.514182102961637       -1.8016094787907926       -11.130389708186357      Pb
   9.5872305953038772       -5.8563528101992315       -14.903930172716091      Pb
   8.9807024628807870       -6.2408141942274415       -11.130389599814430      Pb
   4.9730059210134421       -6.8782037747427278       -1.9704682883617566       I
   1.7587283354655832      -0.73415413943522534       -1.2142790447255389       I
   1.0688861611431422       -5.1866653816464652       -1.6954738551281694       I
   10.652825246774288       -7.2118158637532268       -5.0621000155562674       I
   13.977042300483458       -4.3416159490398600       -5.8911041201721819       I
   14.644357253080356        6.9955672032903085E-003  -5.3348290385771007       I
   12.506485675664623       -2.4389991643749203       -1.9704686065383075       I
   9.1273088021787139       -5.1733585788298040       -1.2142794046761700       I
   8.6023662271128885      -0.74746059168540058       -1.6954738905129192       I
   3.2842448495235326       -2.7726113129320145       -5.0620998104124411       I
   6.6084620002588315        9.7588702700624808E-002  -5.8911042087262437       I
   7.1108773492390283       -4.4322090810304839       -5.3348292236161035       I
   6.1426174125924708       -6.1482109305882888       -9.5546513919698839       I
   2.9283401914026848       -4.1612566344969319E-003  -8.7984624887387390       I
   2.2384978488192191       -4.4566723103590542       -9.2796570352364132       I
   11.822436670311967       -6.4818231104467623       -12.646283124077927       I
   15.146653620381089       -3.6116232690862393       -13.475287165992338       I
   15.813968508034701       0.73698841380189872       -12.919012365263258       I
   13.676097179223314       -1.7090061918553230       -9.5546512725620847       I
   10.296920354102051       -4.4433656690310315       -8.7984624990014684       I
   9.7719778488035196       -1.7467672005849654E-002  -9.2796568796284600       I
   4.4538563289953164       -2.0426181551916853       -12.646283355477530       I
   7.7780734251054575       0.82758161016239451       -13.475287291043914       I
   8.2804888293904924       -3.7022161444672408       -12.919012232860394       I
   12.529786269145294       -6.1245481794145462       -2.1418388862038058       N
   3.9320464330625549       -6.1720635215417046       -6.3547723857265543       N
   5.1612061013666048       -1.6853435630612199       -2.1418388673664559       N
   11.465526286050876       -1.7328589492671729       -6.3547723517880188       N
   13.699397822646533       -5.3945551914873571       -9.7260222348185295       N
   5.1016579808100158       -5.4420704539899143       -13.938955927790325       N
   6.3308178872977869      -0.95535066227965515       -9.7260223162256558       N
   12.635137747010054       -1.0028663476479707       -13.938956030966963       N
   12.591854356526390       -7.5094752621153917       -1.6048341169825073       C
   2.7629450301231908       -6.6374152964808646       -5.5591147082496537       C
   5.2232743703948143       -3.0702706547569965       -1.6048340979639746       C
   10.296424712487832       -2.1982105580343050       -5.5591148314645080       C
   13.761465820216340       -6.7794822840040752       -9.1890174447821309       C
   3.9325566053290060       -5.9074222106439942       -13.143298197172985       C
   6.3928858779110227       -2.3402777566568944       -9.1890175188878693       C
   11.466036191128659       -1.4682176449695683       -13.143298278655925       C
   13.252328146944597       -8.0924186969434935       -2.2406199650340777       H
   11.589220996732424       -7.9280936172129639       -1.6215821683177285       H
   12.976941963252202       -7.4733735196698303      -0.58960703058814057       H
   1.9233255670199623       -5.9776987676722060       -5.7642910065176594       H
   3.0224397073026990       -6.5997255717099783       -4.5041910317784053       H
   2.5284574708165803       -7.6537871965924706       -5.8577415722670985       H
   12.205130275464869       -6.1306069328490844       -3.1193138800842011       H
   11.862334147698164       -5.5499752883137194       -1.6132895771674813       H
   13.455131579616811       -5.6681080128178332       -2.1008217672446494       H
   3.6980613665223423       -6.1053160221612846       -7.3529140985908530       H
   4.2396869607602854       -5.2400560004219434       -6.0466056037366274       H
   4.7299381082290202       -6.8217726383670731       -6.2601294843534214       H
   5.8837481468993102       -3.6532139942142976       -2.2406200682805042       H
   4.2206410351717301       -3.4888891035237544       -1.6215820341414362       H
   5.6083621281807403       -3.0341688286016892      -0.58960705918560719       H
   9.4568053379243224       -1.5384939891824208       -5.7642913114750716       H
   10.555919180851623       -2.1605207493995726       -4.5041911070704419       H
   10.061937111487604       -3.2145824637304337       -5.8577416257422810       H
   4.8365499821219737       -1.6914023326212344       -3.1193138179485786       H
   4.4937540489304890       -1.1107706669838291       -1.6132894764382815       H
   6.0865514019788725       -1.2289033718200113       -2.1008219080705612       H
   11.231541389749276       -1.6661116518186370       -7.3529141122824324       H
   11.773166769753869      -0.80085136886595309       -6.0466057135099582       H
   12.263417955522071       -2.3825680315895568       -6.2601291461370545       H
   14.421939541142573       -7.3624257692279826       -9.8248033248395359       H
   12.758832419221743       -7.1981005775405160       -9.2057654413107404       H
   14.146553503333269       -6.7433805289085429       -8.1737903823528519       H
   3.0929370413337605       -5.2477058752603538       -13.348474683768318       H
   4.1920512094387092       -5.8697321682953767       -12.088374511430688       H
   3.6980692274331730       -6.9237942282088349       -13.441924805765479       H
   13.374741631401612       -5.4006139109613400       -10.703497164238483       H
   13.031945906808533       -4.8199821913405723       -9.1974727874497209       H
   14.624743200254439       -4.9381151471425824       -9.6850053227797765       H
   4.8676728381042551       -5.3753229211848410       -14.937097623609285       H
   5.4092985872152548       -4.5100629435723096       -13.630789192613026       H
   5.8995496388442614       -6.0917795938565282       -13.844313037632096       H
   7.0533595181698114       -2.9232213038262040       -9.8248034393418209       H
   5.3902524417542850       -2.7588959742193295       -9.2057653918531823       H
   6.7779736373787749       -2.3041759578609997       -8.1737904781339310       H
   10.626416881169144      -0.80850095577546410       -13.348474724229163       H
   11.725530867937607       -1.4305278200706497       -12.088374596509338       H
   11.231548417896423       -2.4845895444299448       -13.441924990325441       H
   6.0061617509406418      -0.96140930186243345       -10.703497257785257       H
   5.6633659461763344      -0.38077767443117388       -9.1974729011309542       H
   7.2561632355471808      -0.49891056714514198       -9.6850053035018764       H
   12.401152575800868      -0.93611864087051777       -14.937097702625614       H
   12.942778871837362       -7.0859022855816661E-002  -13.630789283271735       H
   13.433029108509464       -1.6525758918486975       -13.844313303698533       H
