          96 angstroem
   12.446953967596569       0.59040307214832355        12.432943727820156     
   2.6735346847383095E-008  -1.1993337256239326E-007  -12.690118183272679     
   12.119808531928875        6.2164720814556906       -8.1663339856356885      Pb
   5.8963314336286619        6.2164723532721329       -8.1663340706127734      Pb
   12.119808486129108        6.2164721181165605       -1.8212749763849461      Pb
   5.8963314565509002        6.2164724095027672       -1.8212749017376761      Pb
   5.6011303536468011        5.8071134288260999E-007  -8.1663340231025554      Pb
   11.824607230215811        1.6768987018139144E-007  -8.1663341181194991      Pb
   5.6011303047457721        6.5121696417852705E-007  -1.8212749427162320      Pb
   11.824607233816030        2.0676465934226136E-007  -1.8212748552420193      Pb
   11.822155443413523        6.6110173240108026       -4.9938045059825713       I
   12.794991964110508        12.116911941611963       -4.9938044976028229       I
   5.5163489317158927        6.5325047599018236       -11.338863552272453       I
   12.417461129658028        5.8219270310369993       -11.338863544365561       I
   2.7840170320760627        6.9192521043815702       -7.8918239323876964       I
   11.565447625079369        9.3586186850921393       -8.4408440370965483       I
   3.0803704226954443        11.730164312138932       -1.5467647484224765       I
   6.7458935245386309        9.2907978172267551       -2.0957850748061637       I
   3.0803704107761614        11.730164415940214       -8.4408439177246848       I
   6.7458933440527833        9.2907977901874901       -7.8918238972342243       I
   2.7840170166131704        6.9192522373890633       -2.0957850155258551       I
   11.565447493197475        9.3586187368016667       -1.5467647965244256       I
   5.3034771635001885       0.39454521678501153       -4.9938045047985993       I
   6.2763134129972542        5.9004400272283606       -4.9938044981230956       I
   11.444624738263972       0.31603272543602251       -11.338863551521019       I
   6.4891857808398390        12.038399173659970       -11.338863540686665       I
   8.7122927548773070       0.70278022781532701       -7.8918238447783491       I
   5.0467690812255181        3.1421467783918038       -8.4408439098537222       I
   9.0086456012357381        5.5136922816209140       -1.5467646697301125       I
  0.22721527301966923        3.0743259536754879       -2.0957850436297454       I
   9.0086456047245971        5.5136924487807653       -8.4408440588493185       I
  0.22721509884436986        3.0743259232361417       -7.8918239352770678       I
   8.7122927565104131       0.70278038011190924       -2.0957851132531102       I
   5.0467689543133973        3.1421468303171083       -1.5467649222411395       I
   2.2784905603534238        9.0146724096714443       -4.9938045335295191       N
   2.2962981866392154        2.4699754827045806       -4.9938045393399584       N
   3.5858962510768277        9.6347443386588552       -11.338863271152668       N
   2.9776863293941802        3.7464971938419027       -11.338863430406889       N
   8.2067662485518369        2.7982005742024993       -4.9938045363833936       N
   8.8149762714939985        8.6864476258677481       -4.9938045403445681       N
   9.5141714528648382        3.4182721046531719       -11.338863252589418       N
   9.4963648103788945        9.9629689844054568       -11.338863433487587       N
   3.6891978042578746        9.4908645566460148       -4.9938045965131366       C
   2.8388690308952533        3.8565073981864706       -4.9938046057064422       C
   2.1751891323935193        9.1585518317027983       -11.338863398507101       C
   2.4351155941188187        2.3599652377693783       -11.338863427728114       C
   9.6174734650994598        3.2743927722892283       -4.9938046091603097       C
   9.3575470464215620        10.072979565457894       -4.9938046058432830       C
   8.1034643922359049        2.9420794207806380       -11.338863388029710       C
   8.9537936921210672        8.5764371740591709       -11.338863429351356       C
   4.3442033471736474        8.6223326581428150       -4.9938045559900059       H
   3.8498888112081011        10.086256585761880       -4.0992192814836388       H
   3.8498887741698629        10.086256466206482       -5.8883899971448690       H
   1.6151290071594282        9.8059180598889668       -4.9938045469783416       H
   2.0970355480178386        8.4332185497035184       -4.1621026253322029       H
   2.0970354955349890        8.4332184866434829       -5.8255063827859246       H
   2.0023839196544548        4.5519731182204932       -4.9938045701897131       H
   3.4412128959282362        3.9887759962003271       -5.8883899994824560       H
   3.4412130057290344        3.9887760377330528       -4.0992192911484429       H
   3.0551876985127424        1.7698291102987298       -4.9938045458472642       H
   8.2255698724809285        8.5327772007325731       -4.1621026279652638       H
   8.2255698163235849        8.5327771384678073       -5.8255063968615897       H
   1.5201833840859413        10.027083567269985       -11.338863313549950       H
   2.0144982492682404        8.5631596963648331       -10.444278140284958       H
   2.0144983244333585        8.5631599333618684       -12.233448833108637       H
   4.2492579894872522        8.8434988633323659       -11.338863279199476       H
   3.7673511996866651        10.216198318684295       -12.170565113888550       H
   3.7673510813628774        10.216198235772440       -10.507161340332855       H
   3.2716007745617488        1.6644996088097961       -11.338863339372846       H
   1.8327717733451425        2.2276965161878937       -12.233448838389666       H
   1.8327716136582406        2.2276965826929391       -10.444278117775244       H
   2.2187967453655482        4.4466434852489112       -11.338863394060111       H
   10.085771226656480        10.116639313569296       -12.170565351196450       H
   10.085771297550705        10.116639283753818       -10.507161561240670       H
   10.272479023538892        2.4058608975383180       -4.9938045725969840       H
   9.7781644679698605        3.8697847853108112       -4.0992192880601168       H
   9.7781644195483253        3.8697846672557965       -5.8883900169401855       H
   7.5434046848707164        3.5894461963589857       -4.9938045468164196       H
   8.0253112511673415        2.2167467396313851       -4.1621026081385990       H
   8.0253111876566106        2.2167466718587789       -5.8255063995998766       H
   8.5210618927605211        10.768445231776703       -4.9938045700510036       H
   9.9598908927923446        10.205248217208926       -5.8883900040368129       H
   9.9598910019492184        10.205248256991579       -4.0992192862059609       H
   9.5738657981211670        7.9863012827268243       -4.9938045452336235       H
   1.7068917768635894        2.3163050803787932       -4.1621026346482042       H
   1.7068917184015329        2.3163050185048442       -5.8255063864716448       H
   7.4484585128401992        3.8106110565383791       -11.338863303912371       H
   7.9427735897194136        2.3466872853011389       -10.444278113709730       H
   7.9427736737855215        2.3466875269620782       -12.233448843318659       H
   10.177533283954656        2.6270267046973172       -11.338863250327559       H
   9.6956263268912330        3.9997261017283932       -12.170565102076473       H
   9.6956261940687440        3.9997260297886386       -10.507161317933182       H
   9.7902786788112941        7.8809713013971905       -11.338863339486625       H
   8.3514498212777806        8.4441686481766531       -12.233448835100052       H
   8.3514496598496972        8.4441687166212436       -10.444278125321103       H
   8.7374754334374245        10.663115489624525       -11.338863398555500       H
   3.5670927150138749        3.9001677006924660       -12.170565332797333       H
   3.5670927867350799        3.9001676675820365       -10.507161573294280       H
