          96 angstroem
   12.507436247084174        5.6652425477897977E-007   12.482519565615547     
 -0.42112080186627426        2.7615174259429570E-006  -12.813518202276969     
   5.6642988450289922        2.2534736263688081E-002  -12.554179600982639      Pb
   11.918017670247778        6.2637947379806267       -12.554179705337829      Pb
   5.8748599355692521        12.427694511511982       -6.1474205924593504      Pb
   12.128577721629402        6.1864347340372312       -6.1474205265169379      Pb
   12.042933764865923        12.366248495236482       -6.1122377638135852      Pb
   5.7892153127602448        6.1249887341546136       -6.1122377706891706      Pb
   11.832373130645959        8.3981196933593460E-002  -12.518996870447902      Pb
   5.5786556605800071        6.3252408435031500       -12.518996869385370      Pb
   2.4478183747649238       0.72969762077559952       -12.676983891276754       I
   8.7015369673203846        6.9709574725142884       -12.676984010537501       I
   8.7091546712552237        11.824320586490124       -12.701398556648295       I
   2.4554363869796858        5.5830610253341675       -12.701398650881087       I
   6.1684521669135455        3.1561699708301503       -12.712247847913172       I
  -8.5265728425198431E-002   9.3974301541612153       -12.712247911209092       I
   4.7401639118067989        9.4034675722984069       -12.434833938056855       I
   10.993882008211509        3.1622081552480621       -12.434833857167453       I
   4.9507242478993971        3.0467616016001076       -6.0280746791051696       I
   11.204442598475824        9.2880214437676525       -6.0280745611870836       I
   6.3790122226244792        9.2940591090454578       -6.3054881455252039       I
  0.12529424877021131        3.0527993863444549       -6.3054881546643173       I
   2.6583792789269975        11.720532361545954       -6.2702246283514391       I
   8.9120970206193117        5.4792725400635041       -6.2702246258855681       I
   8.9197145689761381       0.62590872212132853       -6.2946400510853096       I
   2.6659964502227123        6.8671686507013376       -6.2946399517452694       I
   5.7764581279272509        12.435798872503305       -2.9867200184124760       I
   12.030175900333584        6.1945391214802177       -2.9867199965889788       I
   5.5658965233084299        1.4428445077920375E-002  -9.3934790967144846       I
   11.819614877570853        6.2556882137996919       -9.3934790903337504       I
   12.028442796650305        4.9417792836891856E-002  -9.3766177091952443       I
   5.7747250696632237        6.2906776567506890       -9.3766176991589667       I
   12.239002564845755        12.400810430865274       -2.9698585850389985       I
   5.9852841052207602        6.1595500063160129       -2.9698585804718700       I
   2.8225962859907332        10.396435856948999       -2.3885162562310960       N
   9.0763140075230968        4.1551758981695919       -2.3885162406142797       N
   3.7236502945892331        3.1491379753858570       -2.4954290641025065       N
   9.9773686227840699        9.3903981446169844       -2.4954290467484790       N
   3.5130898496935155        9.3010897858744332       -8.9021886515823958       N
   9.7668076827214545        3.0598303247053313       -8.9021886757218613       N
   2.6120359226640568        2.0537928628182067       -8.7952748973669053       N
   8.8657547337074387        8.2950526201531076       -8.7952748183653053       N
   9.1018706978644985        2.8634982152190189       -3.1307015155127895       C
   2.8481530483614410        9.1047581551549222       -3.1307015075012172       C
   8.6119212869520876        9.4282994489401926       -3.0906804975383260       C
   2.3582029191581504        3.1870395020094118       -3.0906804139180748       C
   8.4013602300949000        3.0219222217857644       -9.4974394546714151       C
   2.1476424307990354        9.2631820663943678       -9.4974395026737533       C
   8.8913111110743639        9.5867308676259633       -9.5374590897331419       C
   2.6375926464526036        3.3454711658986538       -9.5374590489020807       C
   2.2084666533957167        2.2776803953620290       -3.6653674575681610       H
   8.4621852716097816        8.5189404228309300       -3.6653677248662562       H
   8.5419417028590168        10.298910356706292       -3.7378432650111537       H
   2.2882234648553839        4.0576503126797148       -3.7378433262662853       H
   7.8849064024135025        9.4938185953204535       -2.2848113853947902       H
   1.6311881110263768        3.2525589639811474       -2.2848112589553677       H
   4.4404886825741610        3.0698537300120767       -3.2276955891265882       H
   10.694207089294817        9.3111139159642935       -3.2276954947782355       H
   3.8184592743300851        2.3518378520554966       -1.8506633825450127       H
   10.072177662812811        8.5930981138441176       -1.8506632578490170       H
   10.162589899595963        10.240620897785513       -1.9474309080100289       H
   3.9088717916128046        3.9993606367926957       -1.9474308625614336       H
   2.8396371275630576        10.240793900216422       -1.3751336235631635       H
   9.0933546031601313        3.9995339115643045       -1.3751336103339602       H
   1.9733947380923174        10.943554353633969       -2.5987439717249798       H
   8.2271125617550904        4.7022944992870146       -2.5987440962365813       H
   3.6408309844289302        10.984946031981353       -2.6189289820400137       H
   9.8945488228554677        4.7436859830240516       -2.6189288170614593       H
   8.2285298408678713        2.2821580925360649       -2.8441446449945271       H
   1.9748121220233461        8.5234180849745727       -2.8441447565166222       H
   10.011840260070681        2.3298072595215875       -2.8648858800784609       H
   3.7581225475568796        8.5710671740271103       -2.8648856860174381       H
   9.0859361696601351        3.0762767485803155       -4.1955322178590730       H
   2.8322187180890839        9.3175366801065369       -4.1955322169329374       H
   9.9520338257135190        2.2096081562723793       -8.3541914134435142       H
   3.6983158217507497        8.4508674473600358       -8.3541915820661821       H
   3.6078952147491337        10.098389704312494       -8.2574220830419893       H
   9.8616129345769128        3.8571304134440076       -8.2574222972261087       H
   4.2299275377384467        9.3803783698337018       -9.6344554077681881       H
   10.483645314301377        3.1391188753121839       -9.6344554913290388       H
   7.6743460765611831        2.9563999917415780       -8.6915699385629743       H
   1.4206282185235630        9.1976596519742753       -8.6915700565015008       H
   8.3313845382862102        2.1513105976289091       -10.144601732467203       H
   2.0776666581634267        8.3925706622716909       -10.144602059491605       H
   1.9979019277320633        10.172540285852934       -10.072126830112241       H
   8.2516195947025182        3.9312802538479237       -10.072127038811423       H
   1.7628336590182092        1.5066752001706485       -9.0055019067460158       H
   8.0165525262859241        7.7479347876072193       -9.0055015798354034       H
   2.6290784519355341        2.2094339420202709       -7.7818921471232070       H
   8.8827974942637180        8.4506938115655235       -7.7818920980347688       H
   3.4302698405852734        1.4652822332601256       -9.0256892444198478       H
   9.6839887314224882        7.7065421335941693       -9.0256892678744940       H
   8.0179712022333280        10.168071377043008       -9.2509001678212304       H
   1.7642527982380103        3.9268118284048703       -9.2509002132593885       H
   8.8753745974670704        9.3739532626534281       -10.602289954645350       H
   2.6216562211487449        3.1326936265092167       -10.602289925308238       H
   9.8012815352013032        10.120420926395752       -9.2716445764311270       H
   3.5475631438872233        3.8791610333470778       -9.2716444255096810       H
